0.000000000000000000e+00 6.746154189686450309e+01 4.752119399414792333e+00
1.256281407035175941e-02 6.790241298158981920e+01 4.550567606510234064e+00
2.512562814070351883e-02 6.835118570380468839e+01 4.355256113252783834e+00
3.768844221105527303e-02 6.880786274043937567e+01 4.166385902080435244e+00
5.025125628140703765e-02 6.927244461997214842e+01 3.984181430057728068e+00
6.281407035175878839e-02 6.974492971061873448e+01 3.808892623638116426e+00
7.537688442211054607e-02 7.022531420917960077e+01 3.640796610991979154e+00
8.793969849246231762e-02 7.071359213054809345e+01 3.480198958810456045e+00
1.005025125628140753e-01 7.120975529789514269e+01 3.327434095455828356e+00
1.130653266331658330e-01 7.171379333352349761e+01 3.182864504245288106e+00
1.256281407035175768e-01 7.222569365041069034e+01 3.046878169047884555e+00
1.381909547738693345e-01 7.274544144443156313e+01 2.919883667220217305e+00
1.507537688442210921e-01 7.327301968728613701e+01 2.802302263287490547e+00
1.633165829145728776e-01 7.380840912011478849e+01 2.694556405328478288e+00
1.758793969849246352e-01 7.435158824781376552e+01 2.597054218898487754e+00
1.884422110552763929e-01 7.490253333407756031e+01 2.510169982128261257e+00
2.010050251256281506e-01 7.546121839712404267e+01 2.434221173769961499e+00
2.135678391959799083e-01 7.602761520615948143e+01 2.369443475274668920e+00
2.261306532663316660e-01 7.660169327855435029e+01 2.315965948450240397e+00
2.386934673366834236e-01 7.718341987772970469e+01 2.273789277343925441e+00
2.512562814070351536e-01 7.777276001179514253e+01 2.242770186234038565e+00
2.638190954773869112e-01 7.836967643288163288e+01 2.222614713515463247e+00
2.763819095477386689e-01 7.897412963723920143e+01 2.212881902602736428e+00
2.889447236180904266e-01 7.958607786604243017e+01 2.212997881304216374e+00
3.015075376884421843e-01 8.020547710694324905e+01 2.222278655418734150e+00
3.140703517587939975e-01 8.083228109635663827e+01 2.239958692165032517e+00
3.266331658291457551e-01 8.146644132248466974e+01 2.265221818160023215e+00
3.391959798994975128e-01 8.210790702908144567e+01 2.297231151524712356e+00
3.517587939698492705e-01 8.275662521995403154e+01 2.335155540897489779e+00
3.643216080402010282e-01 8.341254066421191737e+01 2.378190992461443720e+00
3.768844221105527859e-01 8.407559590224528279e+01 2.425576543836888810e+00
3.894472361809045435e-01 8.474573125245265715e+01 2.476604806305559237e+00
4.020100502512563012e-01 8.542288481870743055e+01 2.530627877513458301e+00
4.145728643216080589e-01 8.610699249856298820e+01 2.587059546864637127e+00
4.271356783919598166e-01 8.679798799218932004e+01 2.645374742207336816e+00
4.396984924623115742e-01 8.749580281206563370e+01 2.705107073544116059e+00
4.522613065326633319e-01 8.820036629338397915e+01 2.765845180850225571e+00
4.648241206030150896e-01 8.891160560520930289e+01 2.827228431598613589e+00
4.773869346733668473e-01 8.962944576235048544e+01 2.888942365199335338e+00
4.899497487437186050e-01 9.035380963797969400e+01 2.950714157050766229e+00
5.025125628140703071e-01 9.108461797696553219e+01 3.012308277810671786e+00
5.150753768844220648e-01 9.182178940993264860e+01 3.073522451198434258e+00
5.276381909547738225e-01 9.256524046804311467e+01 3.134183962441906335e+00
5.402010050251255802e-01 9.331488559848649800e+01 3.194146334802872467e+00
5.527638190954773378e-01 9.407063718070125447e+01 3.253286369092101005e+00
5.653266331658290955e-01 9.483240554327913685e+01 3.311501527590187788e+00
5.778894472361808532e-01 9.560009898158779151e+01 3.368707636304365316e+00
5.904522613065326109e-01 9.637362377609269970e+01 3.424836876133833918e+00
6.030150753768843686e-01 9.715288421137283592e+01 3.479836032959951808e+00
6.155778894472361262e-01 9.793778259581183931e+01 3.533664977526212336e+00
6.281407035175879949e-01 9.872821928198693797e+01 3.586295347904504549e+00
6.407035175879397526e-01 9.952409268773186568e+01 3.637709409671728622e+00
6.532663316582915103e-01 1.003252993178578123e+02 3.687899071461034683e+00
6.658291457286432680e-01 1.011317337865607442e+02 3.736865035923268685e+00
6.783919597989950256e-01 1.019432888404634241e+02 3.784616068559996549e+00
6.909547738693467833e-01 1.027598553823190031e+02 3.831168368974676941e+00
7.035175879396985410e-01 1.035813224953553942e+02 3.876545030988994611e+00
7.160804020100502987e-01 1.044075774682589497e+02 3.920775579800302335e+00
7.286432160804020564e-01 1.052385058207770783e+02 3.963895575797767190e+00
7.412060301507538140e-01 1.060739913299466082e+02 4.005946275923959021e+00
7.537688442211055717e-01 1.069139160569300628e+02 4.046974344586772965e+00
7.663316582914573294e-01 1.077581603744538654e+02 4.087031607025008562e+00
7.788944723618090871e-01 1.086066029948460709e+02 4.126174838835929393e+00
7.914572864321608447e-01 1.094591209986503202e+02 4.164465586015014154e+00
8.040201005025126024e-01 1.103155898638190138e+02 4.201970010420113866e+00
8.165829145728643601e-01 1.111758834954704724e+02 4.238758756026152597e+00
8.291457286432161178e-01 1.120398742562034755e+02 4.274906831715710176e+00
8.417085427135678755e-01 1.129074329969579225e+02 4.310493506670147745e+00
8.542713567839196331e-01 1.137784290884047635e+02 4.345602214668719654e+00
8.668341708542713908e-01 1.146527304528723192e+02 4.380320463847125367e+00
8.793969849246231485e-01 1.155302035967708036e+02 4.414739748637730443e+00
8.919597989949749062e-01 1.164107136435365675e+02 4.448955460754540958e+00
9.045226130653266639e-01 1.172941243670586715e+02 4.483066796316551361e+00
9.170854271356784215e-01 1.181802982255839396e+02 4.517176656212301467e+00
9.296482412060301792e-01 1.190690963961043423e+02 4.551391537122420949e+00
9.422110552763819369e-01 1.199603788091810657e+02 4.585821410633355910e+00
9.547738693467336946e-01 1.208540041842395283e+02 4.620579588135498739e+00
9.673366834170854522e-01 1.217498300652763561e+02 4.655782569417612038e+00
9.798994974874372099e-01 1.226477128569982256e+02 4.691549873019432937e+00
9.924623115577889676e-01 1.235475078613655029e+02 4.728003846801817289e+00
1.005025125628140614e+00 1.244490693145358335e+02 4.765269457393331187e+00
1.017587939698492372e+00 1.253522504241902169e+02 4.803474057610072734e+00
1.030150753768844130e+00 1.262569034072258347e+02 4.842747131293362983e+00
1.042713567839195887e+00 1.271628795278082293e+02 4.883220015481985143e+00
1.055276381909547645e+00 1.280700291357700848e+02 4.925025600275259485e+00
1.067839195979899403e+00 1.289782017053443042e+02 4.968298007256431781e+00
1.080402010050251160e+00 1.298872458741965943e+02 5.013172247877717425e+00
1.092964824120602918e+00 1.307970094827898038e+02 5.059783863704869766e+00
1.105527638190954676e+00 1.317073396140123407e+02 5.108268550953981801e+00
1.118090452261306433e+00 1.326180826330937066e+02 5.158761772249984112e+00
1.130653266331658191e+00 1.335290842277935326e+02 5.211398358981586654e+00
1.143216080402009949e+00 1.344401894488103153e+02 5.266312108051910634e+00
1.155778894472361706e+00 1.353512427504599032e+02 5.323635377129736668e+00
1.168341708542713464e+00 1.362620880315347449e+02 5.383498682785670120e+00
1.180904522613065222e+00 1.371725686764056604e+02 5.446030306011317101e+00
1.193467336683416979e+00 1.380825275962907028e+02 5.511355909684394483e+00
1.206030150753768737e+00 1.389918072707095007e+02 5.579598172484875107e+00
1.218592964824120495e+00 1.399002497890919869e+02 5.650876443530638227e+00
1.231155778894472252e+00 1.408076968925489325e+02 5.725306421772816456e+00
1.243718592964824010e+00 1.417139900157635566e+02 5.802999863722499541e+00
1.256281407035175990e+00 1.426189703289982162e+02 5.884064322644190881e+00
1.268844221105527748e+00 1.435224787802171988e+02 5.968602921735050693e+00
1.281407035175879505e+00 1.444243561372903173e+02 6.056714163231038839e+00
1.293969849246231263e+00 1.453244430302658827e+02 6.148491774667125931e+00
1.306532663316583021e+00 1.462225799937112072e+02 6.244024592881783242e+00
1.319095477386934778e+00 1.471186075090964493e+02 6.343396485685054209e+00
1.331658291457286536e+00 1.480123660471945186e+02 6.446686310420373545e+00
1.344221105527638294e+00 1.489036961105146020e+02 6.553967908127131814e+00
1.356783919597990051e+00 1.497924382757220769e+02 6.665310131422335083e+00
1.369346733668341809e+00 1.506784332360478516e+02 6.780776903799833555e+00
1.381909547738693567e+00 1.515615218436629164e+02 6.900427307622281070e+00
1.394472361809045324e+00 1.524415451520164311e+02 7.024315697866807540e+00
1.407035175879397082e+00 1.533183444581024162e+02 7.152491838416660919e+00
1.419597989949748840e+00 1.541917613446662187e+02 7.285001057627008336e+00
1.432160804020100597e+00 1.550616377223072391e+02 7.421884419833165047e+00
1.444723618090452355e+00 1.559278158714863025e+02 7.563178909546305562e+00
1.457286432160804113e+00 1.567901384844151380e+02 7.708917625159539710e+00
1.469849246231155870e+00 1.576484487068115641e+02 7.859129979155429879e+00
1.482412060301507628e+00 1.585025901794952006e+02 8.013841902048948640e+00
1.494974874371859386e+00 1.593524070798513890e+02 8.173076047471798944e+00
1.507537688442211143e+00 1.601977441630829446e+02 8.336851996134370779e+00
1.520100502512562901e+00 1.610384468033009284e+02 8.505186456627720659e+00
1.532663316582914659e+00 1.618743610343937576e+02 8.678093461322617941e+00
1.545226130653266416e+00 1.627053335906808229e+02 8.855584555912031419e+00
1.557788944723618174e+00 1.635312119473444454e+02 9.037668981363426113e+00
1.570351758793969932e+00 1.643518443606013477e+02 9.224353847358708336e+00
1.582914572864321689e+00 1.651670799076215133e+02 9.415644296481753273e+00
1.595477386934673447e+00 1.659767685261764711e+02 9.611543658652131228e+00
1.608040201005025205e+00 1.667807610539922223e+02 9.812053595482183255e+00
1.620603015075376963e+00 1.675789092678112695e+02 1.001717423442344845e+01
1.633165829145728720e+00 1.683710659221359549e+02 1.022690429267471934e+01
1.645728643216080478e+00 1.691570847876449193e+02 1.044124119099927306e+01
1.658291457286432236e+00 1.699368206892777948e+02 1.066018115765975693e+01
1.670854271356783993e+00 1.707101295439585442e+02 1.088371932278583110e+01
1.683417085427135751e+00 1.714768683979550303e+02 1.111184980355060148e+01
1.695979899497487509e+00 1.722368954638740490e+02 1.134456578058663290e+01
1.708542713567839266e+00 1.729900701572551327e+02 1.158185956610386746e+01
1.721105527638191024e+00 1.737362531327627835e+02 1.182372266419963580e+01
1.733668341708542782e+00 1.744753063199755445e+02 1.207014582386901047e+01
1.746231155778894539e+00 1.752070929587398496e+02 1.232111908522385590e+01
1.758793969849246297e+00 1.759314776340962396e+02 1.257663181942231745e+01
1.771356783919598055e+00 1.766483263107552375e+02 1.283667276282149494e+01
1.783919597989949812e+00 1.773575063671075895e+02 1.310123004582898076e+01
1.796482412060301570e+00 1.780588866287807832e+02 1.337029121692802569e+01
1.809045226130653328e+00 1.787523374016976447e+02 1.364384326232235800e+01
1.821608040201005085e+00 1.794377305046594984e+02 1.392187262163516337e+01
1.834170854271356843e+00 1.801149393014162854e+02 1.420436520006051495e+01
1.846733668341708601e+00 1.807838387322344715e+02 1.449130637734850779e+01
1.859296482412060358e+00 1.814443053449408296e+02 1.478268101398537482e+01
1.871859296482412116e+00 1.820962173254331731e+02 1.507847345489358304e+01
1.884422110552763874e+00 1.827394545276562212e+02 1.537866753096227868e+01
1.896984924623115631e+00 1.833738985030271351e+02 1.568324655869306739e+01
1.909547738693467389e+00 1.839994325292999804e+02 1.599219333822379774e+01
1.922110552763819147e+00 1.846159416388667296e+02 1.630549014996440604e+01
1.934673366834170904e+00 1.852233126464819577e+02 1.662311875007257456e+01
1.947236180904522662e+00 1.858214341764056599e+02 1.694506036496422041e+01
1.959798994974874420e+00 1.864101966889554376e+02 1.727129568504055612e+01
1.972361809045226178e+00 1.869894925064582765e+02 1.760180485780142945e+01
1.984924623115577935e+00 1.875592158385936159e+02 1.793656748048646676e+01
1.997487437185929693e+00 1.881192628071267166e+02 1.827556259238415848e+01
2.010050251256281229e+00 1.886695314700265840e+02 1.861876866692676202e+01
2.022613065326633208e+00 1.892099218449402827e+02 1.896616360367956844e+01
2.035175879396984744e+00 1.897403359320561549e+02 1.931772472031832066e+01
2.047738693467336724e+00 1.902606777363071444e+02 1.967342874468537772e+01
2.060301507537688259e+00 1.907708532889420781e+02 2.003325180699106767e+01
2.072864321608040239e+00 1.912707706684381890e+02 2.039716943224189194e+01
2.085427135678391775e+00 1.917603400207645734e+02 2.076515653293331809e+01
2.097989949748743754e+00 1.922394735789715412e+02 2.113718740207943370e+01
2.110552763819095290e+00 1.927080856821328894e+02 2.151323570660841256e+01
2.123115577889447270e+00 1.931660927935965617e+02 2.189327448117003883e+01
2.135678391959798805e+00 1.936134135185735943e+02 2.227727612238479082e+01
2.148241206030150785e+00 1.940499686210457639e+02 2.266521238356172674e+01
2.160804020100502321e+00 1.944756810399888138e+02 2.305705436991093649e+01
2.173366834170854300e+00 1.948904759049045765e+02 2.345277253426820252e+01
2.185929648241205836e+00 1.952942805506739887e+02 2.385233667334525620e+01
2.198492462311557816e+00 1.956870245317101649e+02 2.425571592451864689e+01
2.211055276381909351e+00 1.960686396354194869e+02 2.466287876317253591e+01
2.223618090452261331e+00 1.964390598949618436e+02 2.507379300058950022e+01
2.236180904522612867e+00 1.967982216013216998e+02 2.548842578240387624e+01
2.248743718592964846e+00 1.971460633146594432e+02 2.590674358761798857e+01
2.261306532663316382e+00 1.974825258749812349e+02 2.632871222817531986e+01
2.273869346733668362e+00 1.978075524120934006e+02 2.675429684909718020e+01
2.286432160804019897e+00 1.981210883548469042e+02 2.718346192917305260e+01
2.298994974874371877e+00 1.984230814396947835e+02 2.761617128220603945e+01
2.311557788944723413e+00 1.987134817185182953e+02 2.805238805880341246e+01
2.324120603015075393e+00 1.989922415657748047e+02 2.849207474870761558e+01
2.336683417085426928e+00 1.992593156849137017e+02 2.893519318366159965e+01
2.349246231155778908e+00 1.995146611141093729e+02 2.938170454079757477e+01
2.361809045226130443e+00 1.997582372312672305e+02 2.983156934654278558e+01
2.374371859296482423e+00 1.999900057583493549e+02 3.028474748103116809e+01
2.386934673366833959e+00 2.002099307649765194e+02 3.074119818301289087e+01
2.399497487437185939e+00 2.004179786713402223e+02 3.120088005524873509e+01
2.412060301507537474e+00 2.006141182504126732e+02 3.166375107038180303e+01
2.424623115577889454e+00 2.007983206294642571e+02 3.212976857727243640e+01
2.437185929648240990e+00 2.009705592908698009e+02 3.259888930778716798e+01
2.449748743718592969e+00 2.011308100722442305e+02 3.307106938402981200e+01
2.462311557788944505e+00 2.012790511658681112e+02 3.354626432600267094e+01
2.474874371859296485e+00 2.014152631174390251e+02 3.402442905968507603e+01
2.487437185929648020e+00 2.015394288241373886e+02 3.450551792552022334e+01
2.500000000000000000e+00 2.016515335319985240e+02 3.498948468729606986e+01
